0 0.999 cnn_data single_best_policy
7821 1956 88044 2179
[[7967  313  447  237  206  135   98  160  548  351]
 [ 214 8140  107  124   82   81   96   43  318  880]
 [ 324   75 7079  470  403  475  273  233  141  108]
 [ 199   97  361 6832  355  773  378  442  182  146]
 [ 174   28  502  430 7521  327  354  486   70   73]
 [ 152  121  496  782  396 7322  200  446   83   93]
 [  97  117  458  514  449  261 8380  192   99   67]
 [  91   77  289  286  407  431   73 7752   45  168]
 [ 514  259  139  133  126  120   63   61 8313  293]
 [ 268  773  122  192   55   75   85  185  201 7821]]

Proportion of positive predictions: 
[0.10462 0.10085 0.09581 0.09765 0.09965 0.10091 0.10634 0.09619 0.10021
 0.09777]
Accuracy per class: 
[0.95472 0.96195 0.94577 0.93899 0.95077 0.94553 0.96126 0.95885 0.96605
 0.95865]
TP proportion per class: 
[0.7967 0.814  0.7079 0.6832 0.7521 0.7322 0.838  0.7752 0.8313 0.7821]
FP proportion per class: 
[0.2495 0.1945 0.2502 0.2933 0.2444 0.2769 0.2254 0.1867 0.1708 0.1956]
PPV per class: 
[0.76151787 0.80713932 0.73885816 0.69964158 0.7547416  0.72559707
 0.78803837 0.80590498 0.82955793 0.79993863]

1 0.999 cnn_data single_best_policy
6490 3840 86160 3510
[[6390  650  940  380  380  160  130  210 1190  570]
 [ 300 6800  110  160   90   90  190   70  510 1410]
 [ 770   60 4300 1030 1060 1030  580  420  130   90]
 [ 220  110  570 3070  640 2080  630  610  240  190]
 [ 290   30 1290  890 5280  690  800 1110  140  100]
 [ 110  120  860 2270  520 4280  330  790  110  120]
 [ 130  170 1080 1310  910  520 7000  190  100   80]
 [ 150  110  420  440  820  780  100 6030   20  440]
 [1160  410  280  170  160  200  110   80 7100  510]
 [ 480 1540  150  280  140  170  130  490  460 6490]]

Proportion of positive predictions: 
[0.11   0.0973 0.0947 0.0836 0.1062 0.0951 0.1149 0.0931 0.1018 0.1033]
Accuracy per class: 
[0.9178 0.9387 0.8913 0.8778 0.8994 0.8905 0.9251 0.9275 0.9402 0.9265]
TP proportion per class: 
[0.639 0.68  0.43  0.307 0.528 0.428 0.7   0.603 0.71  0.649]
FP proportion per class: 
[0.461 0.293 0.517 0.529 0.534 0.523 0.449 0.328 0.308 0.384]
PPV per class: 
[0.58090909 0.69886948 0.45406547 0.36722488 0.49717514 0.45005258
 0.60922541 0.64769066 0.69744597 0.62826718]

0 0.999 cnn_data mode_policy
8739 1052 88948 1261
[[9219  226  250  179   71   67   68  100  268  228]
 [  84 8970   81   85   60   39   58   28  197  493]
 [ 130   34 8671  206  120  275  111  142   41   48]
 [  54   87  111 8445  164  290  160  260  116  115]
 [  43   16  175  290 9081  177  118  272   12   46]
 [  72   57  212  282  111 8742   57  267   45   53]
 [  56   62  180  197  183  139 9349  110   59   15]
 [  53   73  142  112  120  146   32 8694   15  124]
 [ 155  113   70   75   70   86   21   37 9103  139]
 [ 134  362  108  129   20   39   26   90  144 8739]]

Proportion of positive predictions: 
[0.10676 0.10095 0.09778 0.09802 0.1023  0.09898 0.1035  0.09511 0.09869
 0.09791]
Accuracy per class: 
[0.97762 0.97845 0.97564 0.97088 0.97932 0.97586 0.98348 0.97877 0.98337
 0.97687]
TP proportion per class: 
[0.9219 0.897  0.8671 0.8445 0.9081 0.8742 0.9349 0.8694 0.9103 0.8739]
FP proportion per class: 
[0.1457 0.1125 0.1107 0.1357 0.1149 0.1156 0.1001 0.0817 0.0766 0.1052]
PPV per class: 
[0.86352567 0.88855869 0.88678666 0.86155887 0.88768328 0.88320873
 0.90328502 0.91409946 0.92238322 0.89255439]

1 0.999 cnn_data mode_policy
6490 3840 86160 3510
[[6390  650  940  380  380  160  130  210 1190  570]
 [ 300 6800  110  160   90   90  190   70  510 1410]
 [ 770   60 4300 1030 1060 1030  580  420  130   90]
 [ 220  110  570 3070  640 2080  630  610  240  190]
 [ 290   30 1290  890 5280  690  800 1110  140  100]
 [ 110  120  860 2270  520 4280  330  790  110  120]
 [ 130  170 1080 1310  910  520 7000  190  100   80]
 [ 150  110  420  440  820  780  100 6030   20  440]
 [1160  410  280  170  160  200  110   80 7100  510]
 [ 480 1540  150  280  140  170  130  490  460 6490]]

Proportion of positive predictions: 
[0.11   0.0973 0.0947 0.0836 0.1062 0.0951 0.1149 0.0931 0.1018 0.1033]
Accuracy per class: 
[0.9178 0.9387 0.8913 0.8778 0.8994 0.8905 0.9251 0.9275 0.9402 0.9265]
TP proportion per class: 
[0.639 0.68  0.43  0.307 0.528 0.428 0.7   0.603 0.71  0.649]
FP proportion per class: 
[0.461 0.293 0.517 0.529 0.534 0.523 0.449 0.328 0.308 0.384]
PPV per class: 
[0.58090909 0.69886948 0.45406547 0.36722488 0.49717514 0.45005258
 0.60922541 0.64769066 0.69744597 0.62826718]

0 0.999 cnn_data weighted_mode_policy
8822 1081 88919 1178
[[9113  199  242  156   62   68   61   89  226  210]
 [  96 8941   71   73   59   35   58   20  185  456]
 [ 158   34 8609  196  106  260   90  140   42   47]
 [  63   90  153 8403  148  274  149  242  110  101]
 [  58   19  171  300 9019  173   97  254   15   46]
 [  72   57  223  292  141 8749   59  253   49   51]
 [  58   59  184  225  210  148 9394  102   54   15]
 [  57   74  155  130  155  160   38 8784   15  109]
 [ 193  127   84   86   79   87   28   37 9174  143]
 [ 132  400  108  139   21   46   26   79  130 8822]]

Proportion of positive predictions: 
[0.10426 0.09994 0.09682 0.09733 0.10152 0.09946 0.10449 0.09677 0.10038
 0.09903]
Accuracy per class: 
[0.978   0.97888 0.97536 0.97073 0.97886 0.97552 0.98339 0.97891 0.9831
 0.97741]
TP proportion per class: 
[0.9113 0.8941 0.8609 0.8403 0.9019 0.8749 0.9394 0.8784 0.9174 0.8822]
FP proportion per class: 
[0.1313 0.1053 0.1073 0.133  0.1133 0.1197 0.1055 0.0893 0.0864 0.1081]
PPV per class: 
[0.87406484 0.89463678 0.88917579 0.86335148 0.88839638 0.87965011
 0.8990334  0.90771933 0.91392708 0.89084116]

1 0.999 cnn_data weighted_mode_policy
6490 3840 86160 3510
[[6390  650  940  380  380  160  130  210 1190  570]
 [ 300 6800  110  160   90   90  190   70  510 1410]
 [ 770   60 4300 1030 1060 1030  580  420  130   90]
 [ 220  110  570 3070  640 2080  630  610  240  190]
 [ 290   30 1290  890 5280  690  800 1110  140  100]
 [ 110  120  860 2270  520 4280  330  790  110  120]
 [ 130  170 1080 1310  910  520 7000  190  100   80]
 [ 150  110  420  440  820  780  100 6030   20  440]
 [1160  410  280  170  160  200  110   80 7100  510]
 [ 480 1540  150  280  140  170  130  490  460 6490]]

Proportion of positive predictions: 
[0.11   0.0973 0.0947 0.0836 0.1062 0.0951 0.1149 0.0931 0.1018 0.1033]
Accuracy per class: 
[0.9178 0.9387 0.8913 0.8778 0.8994 0.8905 0.9251 0.9275 0.9402 0.9265]
TP proportion per class: 
[0.639 0.68  0.43  0.307 0.528 0.428 0.7   0.603 0.71  0.649]
FP proportion per class: 
[0.461 0.293 0.517 0.529 0.534 0.523 0.449 0.328 0.308 0.384]
PPV per class: 
[0.58090909 0.69886948 0.45406547 0.36722488 0.49717514 0.45005258
 0.60922541 0.64769066 0.69744597 0.62826718]

0 0.999 cnn_data select_all_policy
9697 249 89751 303
[[9775   61   23   38   49   27   30   24   82   53]
 [  41 9725   26   11   19    3   22    4   37   82]
 [  63    2 9684   57   37   65   11   22    6   22]
 [   7   20   36 9525   43  114   41   45   41   18]
 [  21    7   83   75 9713   76   11   55   19    9]
 [  19    7   56   86   37 9624    9   44   11   12]
 [   0   15   24   74   48   19 9851   19   28   12]
 [  13   33   31   37   31   57   15 9754    2   41]
 [  32   25   27   53   22    5    0   11 9756   54]
 [  29  105   10   44    1   10   10   22   18 9697]]

Proportion of positive predictions: 
[0.10162 0.0997  0.09969 0.0989  0.10069 0.09905 0.1009  0.10014 0.09985
 0.09946]
Accuracy per class: 
[0.99388 0.9948  0.99399 0.9916  0.99357 0.99343 0.99612 0.99494 0.99527
 0.99448]
TP proportion per class: 
[0.9775 0.9725 0.9684 0.9525 0.9713 0.9624 0.9851 0.9754 0.9756 0.9697]
FP proportion per class: 
[0.0387 0.0245 0.0285 0.0365 0.0356 0.0281 0.0239 0.026  0.0229 0.0249]
PPV per class: 
[0.96191695 0.97542628 0.97141138 0.96309403 0.96464396 0.97163049
 0.97631318 0.97403635 0.9770656  0.97496481]

1 0.999 cnn_data select_all_policy
6490 3840 86160 3510
[[6390  650  940  380  380  160  130  210 1190  570]
 [ 300 6800  110  160   90   90  190   70  510 1410]
 [ 770   60 4300 1030 1060 1030  580  420  130   90]
 [ 220  110  570 3070  640 2080  630  610  240  190]
 [ 290   30 1290  890 5280  690  800 1110  140  100]
 [ 110  120  860 2270  520 4280  330  790  110  120]
 [ 130  170 1080 1310  910  520 7000  190  100   80]
 [ 150  110  420  440  820  780  100 6030   20  440]
 [1160  410  280  170  160  200  110   80 7100  510]
 [ 480 1540  150  280  140  170  130  490  460 6490]]

Proportion of positive predictions: 
[0.11   0.0973 0.0947 0.0836 0.1062 0.0951 0.1149 0.0931 0.1018 0.1033]
Accuracy per class: 
[0.9178 0.9387 0.8913 0.8778 0.8994 0.8905 0.9251 0.9275 0.9402 0.9265]
TP proportion per class: 
[0.639 0.68  0.43  0.307 0.528 0.428 0.7   0.603 0.71  0.649]
FP proportion per class: 
[0.461 0.293 0.517 0.529 0.534 0.523 0.449 0.328 0.308 0.384]
PPV per class: 
[0.58090909 0.69886948 0.45406547 0.36722488 0.49717514 0.45005258
 0.60922541 0.64769066 0.69744597 0.62826718]

0 0.999 cnn_data random
8824 1051 88949 1176
[[8894  186  229  147  132   54   63   66  308  201]
 [ 117 8986   86   86   42   36   46   23  169  425]
 [ 219   46 8393  278  208  288  140  149   60   52]
 [  83   64  191 8139  216  481  202  281   99   98]
 [ 108   23  315  299 8661  208  191  237   49   49]
 [  82   59  249  419  198 8481   91  243   60   59]
 [  40   72  219  276  245  130 9153  105   75   43]
 [  50   42  169  176  183  201   36 8742   34   80]
 [ 272  141   87   69   67   71   33   48 9033  169]
 [ 135  381   62  111   48   50   45  106  113 8824]]

Proportion of positive predictions: 
[0.1028  0.10016 0.09833 0.09854 0.1014  0.09941 0.10358 0.09713 0.0999
 0.09875]
Accuracy per class: 
[0.97508 0.97956 0.96953 0.96424 0.97182 0.97021 0.97948 0.97771 0.98076
 0.97773]
TP proportion per class: 
[0.8894 0.8986 0.8393 0.8139 0.8661 0.8481 0.9153 0.8742 0.9033 0.8824]
FP proportion per class: 
[0.1386 0.103  0.144  0.1715 0.1479 0.146  0.1205 0.0971 0.0957 0.1051]
PPV per class: 
[0.8651751  0.89716454 0.85355436 0.825959   0.85414201 0.85313349
 0.8836648  0.90003089 0.9042042  0.89356962]

1 0.999 cnn_data random
6490 3840 86160 3510
[[6390  650  940  380  380  160  130  210 1190  570]
 [ 300 6800  110  160   90   90  190   70  510 1410]
 [ 770   60 4300 1030 1060 1030  580  420  130   90]
 [ 220  110  570 3070  640 2080  630  610  240  190]
 [ 290   30 1290  890 5280  690  800 1110  140  100]
 [ 110  120  860 2270  520 4280  330  790  110  120]
 [ 130  170 1080 1310  910  520 7000  190  100   80]
 [ 150  110  420  440  820  780  100 6030   20  440]
 [1160  410  280  170  160  200  110   80 7100  510]
 [ 480 1540  150  280  140  170  130  490  460 6490]]

Proportion of positive predictions: 
[0.11   0.0973 0.0947 0.0836 0.1062 0.0951 0.1149 0.0931 0.1018 0.1033]
Accuracy per class: 
[0.9178 0.9387 0.8913 0.8778 0.8994 0.8905 0.9251 0.9275 0.9402 0.9265]
TP proportion per class: 
[0.639 0.68  0.43  0.307 0.528 0.428 0.7   0.603 0.71  0.649]
FP proportion per class: 
[0.461 0.293 0.517 0.529 0.534 0.523 0.449 0.328 0.308 0.384]
PPV per class: 
[0.58090909 0.69886948 0.45406547 0.36722488 0.49717514 0.45005258
 0.60922541 0.64769066 0.69744597 0.62826718]

0 0.999 cnn_data lb_best_policy
9917 88 89912 83
[[9918   14   18    1   10   10    8    1   25    2]
 [   8 9935   10    0   10   10    6    0   15   44]
 [   2    1 9922    3   10    4   12    8    0    2]
 [  10    1    1 9933   19    1    7   24   20   18]
 [   0    0    0   24 9910   14    1    3    2    1]
 [   0    0   27    2   13 9914    4   13   10   11]
 [  10   21    0    9    9   28 9957    1    1    2]
 [   1    7    0   10   10    9    2 9949   10    1]
 [  20    0   12   10    6   10    0    0 9906    2]
 [  31   21   10    8    3    0    3    1   11 9917]]

Proportion of positive predictions: 
[0.10007 0.10038 0.09964 0.10034 0.09955 0.09994 0.10038 0.09999 0.09966
 0.10005]
Accuracy per class: 
[0.99829 0.99832 0.9988  0.99832 0.99865 0.99834 0.99876 0.99899 0.99846
 0.99829]
TP proportion per class: 
[0.9918 0.9935 0.9922 0.9933 0.991  0.9914 0.9957 0.9949 0.9906 0.9917]
FP proportion per class: 
[0.0089 0.0103 0.0042 0.0101 0.0045 0.008  0.0081 0.005  0.006  0.0088]
PPV per class: 
[0.99110623 0.98973899 0.99578483 0.98993422 0.99547966 0.9919952
 0.99193066 0.9949995  0.99397953 0.9912044 ]

1 0.999 cnn_data lb_best_policy
6490 3840 86160 3510
[[6390  650  940  380  380  160  130  210 1190  570]
 [ 300 6800  110  160   90   90  190   70  510 1410]
 [ 770   60 4300 1030 1060 1030  580  420  130   90]
 [ 220  110  570 3070  640 2080  630  610  240  190]
 [ 290   30 1290  890 5280  690  800 1110  140  100]
 [ 110  120  860 2270  520 4280  330  790  110  120]
 [ 130  170 1080 1310  910  520 7000  190  100   80]
 [ 150  110  420  440  820  780  100 6030   20  440]
 [1160  410  280  170  160  200  110   80 7100  510]
 [ 480 1540  150  280  140  170  130  490  460 6490]]

Proportion of positive predictions: 
[0.11   0.0973 0.0947 0.0836 0.1062 0.0951 0.1149 0.0931 0.1018 0.1033]
Accuracy per class: 
[0.9178 0.9387 0.8913 0.8778 0.8994 0.8905 0.9251 0.9275 0.9402 0.9265]
TP proportion per class: 
[0.639 0.68  0.43  0.307 0.528 0.428 0.7   0.603 0.71  0.649]
FP proportion per class: 
[0.461 0.293 0.517 0.529 0.534 0.523 0.449 0.328 0.308 0.384]
PPV per class: 
[0.58090909 0.69886948 0.45406547 0.36722488 0.49717514 0.45005258
 0.60922541 0.64769066 0.69744597 0.62826718]

0 0.999 cnn_data pseudo_lb_best_policy_overloaded
9593 464 89536 407
[[9463   74   82   47   39   24   72   66   85   33]
 [  75 9650   40   45   28   27   52    7   66  160]
 [  98    2 9468   89  111   76   68   87   25   19]
 [  45   18   81 9253   41  140  103   96   51   46]
 [  51   15  110  111 9479   89  109  105   22   11]
 [  58   21   62  175  107 9535   48  146   34   38]
 [  18   28   51   92   61   18 9474   43   17   20]
 [  29   42   28   47   60   59   31 9356   19   28]
 [ 102   36   57   72   51   17   12   21 9624   52]
 [  61  114   21   69   23   15   31   73   57 9593]]

Proportion of positive predictions: 
[0.09985 0.1015  0.10043 0.09874 0.10102 0.10224 0.09822 0.09699 0.10044
 0.10057]
Accuracy per class: 
[0.98941 0.9915  0.98893 0.98632 0.98856 0.98846 0.99126 0.99013 0.99204
 0.99129]
TP proportion per class: 
[0.9463 0.965  0.9468 0.9253 0.9479 0.9535 0.9474 0.9356 0.9624 0.9593]
FP proportion per class: 
[0.0522 0.05   0.0575 0.0621 0.0623 0.0689 0.0348 0.0343 0.042  0.0464]
PPV per class: 
[0.94772158 0.95073892 0.94274619 0.93710756 0.93832904 0.93260955
 0.96456933 0.96463553 0.95818399 0.95386298]

1 0.999 cnn_data pseudo_lb_best_policy_overloaded
6490 3840 86160 3510
[[6390  650  940  380  380  160  130  210 1190  570]
 [ 300 6800  110  160   90   90  190   70  510 1410]
 [ 770   60 4300 1030 1060 1030  580  420  130   90]
 [ 220  110  570 3070  640 2080  630  610  240  190]
 [ 290   30 1290  890 5280  690  800 1110  140  100]
 [ 110  120  860 2270  520 4280  330  790  110  120]
 [ 130  170 1080 1310  910  520 7000  190  100   80]
 [ 150  110  420  440  820  780  100 6030   20  440]
 [1160  410  280  170  160  200  110   80 7100  510]
 [ 480 1540  150  280  140  170  130  490  460 6490]]

Proportion of positive predictions: 
[0.11   0.0973 0.0947 0.0836 0.1062 0.0951 0.1149 0.0931 0.1018 0.1033]
Accuracy per class: 
[0.9178 0.9387 0.8913 0.8778 0.8994 0.8905 0.9251 0.9275 0.9402 0.9265]
TP proportion per class: 
[0.639 0.68  0.43  0.307 0.528 0.428 0.7   0.603 0.71  0.649]
FP proportion per class: 
[0.461 0.293 0.517 0.529 0.534 0.523 0.449 0.328 0.308 0.384]
PPV per class: 
[0.58090909 0.69886948 0.45406547 0.36722488 0.49717514 0.45005258
 0.60922541 0.64769066 0.69744597 0.62826718]

0 0.99 cnn_data single_best_policy
7755 1852 88148 2245
[[7796  320  414  245  187  162  111  186  573  370]
 [ 256 8103  127  122   71   73   94   64  290  772]
 [ 430   87 6857  416  432  440  311  277  156   89]
 [ 189  161  471 6950  395  739  487  487  220  178]
 [ 206   28  564  482 7351  310  369  489  107  111]
 [ 143  101  503  781  448 7427  220  471  128  109]
 [ 107  119  476  408  474  296 8146  163  113   86]
 [ 119   89  353  272  469  385  106 7628   80  260]
 [ 524  298  138  114  107   99   56   77 8105  270]
 [ 230  694   97  210   66   69  100  158  228 7755]]

Proportion of positive predictions: 
[0.10364 0.09972 0.09495 0.10277 0.10017 0.10331 0.10388 0.09761 0.09788
 0.09607]
Accuracy per class: 
[0.95228 0.96234 0.94219 0.93623 0.94685 0.94523 0.95904 0.95495 0.96422
 0.95903]
TP proportion per class: 
[0.7796 0.8103 0.6857 0.695  0.7351 0.7427 0.8146 0.7628 0.8105 0.7755]
FP proportion per class: 
[0.2568 0.1869 0.2638 0.3327 0.2666 0.2904 0.2242 0.2133 0.1683 0.1852]
PPV per class: 
[0.75221922 0.81257521 0.72216956 0.67626739 0.73385245 0.71890427
 0.78417405 0.78147731 0.82805476 0.8072239 ]

1 0.99 cnn_data single_best_policy
6490 3840 86160 3510
[[6390  650  940  380  380  160  130  210 1190  570]
 [ 300 6800  110  160   90   90  190   70  510 1410]
 [ 770   60 4300 1030 1060 1030  580  420  130   90]
 [ 220  110  570 3070  640 2080  630  610  240  190]
 [ 290   30 1290  890 5280  690  800 1110  140  100]
 [ 110  120  860 2270  520 4280  330  790  110  120]
 [ 130  170 1080 1310  910  520 7000  190  100   80]
 [ 150  110  420  440  820  780  100 6030   20  440]
 [1160  410  280  170  160  200  110   80 7100  510]
 [ 480 1540  150  280  140  170  130  490  460 6490]]

Proportion of positive predictions: 
[0.11   0.0973 0.0947 0.0836 0.1062 0.0951 0.1149 0.0931 0.1018 0.1033]
Accuracy per class: 
[0.9178 0.9387 0.8913 0.8778 0.8994 0.8905 0.9251 0.9275 0.9402 0.9265]
TP proportion per class: 
[0.639 0.68  0.43  0.307 0.528 0.428 0.7   0.603 0.71  0.649]
FP proportion per class: 
[0.461 0.293 0.517 0.529 0.534 0.523 0.449 0.328 0.308 0.384]
PPV per class: 
[0.58090909 0.69886948 0.45406547 0.36722488 0.49717514 0.45005258
 0.60922541 0.64769066 0.69744597 0.62826718]

0 0.99 cnn_data mode_policy
8655 911 89089 1345
[[9179  163  186  153   75  143   89  112  208  280]
 [ 106 9080   87   88   51   46   46   29  225  484]
 [ 120   39 8593  203  146  152  144  175   44   34]
 [  69   94  174 8517  193  286  194  275  139  126]
 [  45    8  194  183 8955  174  134  234   84   31]
 [  62   67  227  276  200 8803   69  256   90   54]
 [  59   86  264  189  146  147 9223   83   42   27]
 [  60   51  128  128  132  168   41 8700   34  137]
 [ 186  130   63   96   67   56   35   54 9037  172]
 [ 114  282   84  167   35   25   25   82   97 8655]]

Proportion of positive predictions: 
[0.10588 0.10242 0.0965  0.10067 0.10042 0.10104 0.10266 0.09579 0.09896
 0.09566]
Accuracy per class: 
[0.9777  0.97918 0.97536 0.96967 0.97868 0.97502 0.9818  0.97821 0.98178
 0.97744]
TP proportion per class: 
[0.9179 0.908  0.8593 0.8517 0.8955 0.8803 0.9223 0.87   0.9037 0.8655]
FP proportion per class: 
[0.1409 0.1162 0.1057 0.155  0.1087 0.1301 0.1043 0.0879 0.0859 0.0911]
PPV per class: 
[0.86692482 0.8865456  0.89046632 0.84603159 0.89175463 0.87123911
 0.89840249 0.90823677 0.91319725 0.90476688]

1 0.99 cnn_data mode_policy
6490 3840 86160 3510
[[6390  650  940  380  380  160  130  210 1190  570]
 [ 300 6800  110  160   90   90  190   70  510 1410]
 [ 770   60 4300 1030 1060 1030  580  420  130   90]
 [ 220  110  570 3070  640 2080  630  610  240  190]
 [ 290   30 1290  890 5280  690  800 1110  140  100]
 [ 110  120  860 2270  520 4280  330  790  110  120]
 [ 130  170 1080 1310  910  520 7000  190  100   80]
 [ 150  110  420  440  820  780  100 6030   20  440]
 [1160  410  280  170  160  200  110   80 7100  510]
 [ 480 1540  150  280  140  170  130  490  460 6490]]

Proportion of positive predictions: 
[0.11   0.0973 0.0947 0.0836 0.1062 0.0951 0.1149 0.0931 0.1018 0.1033]
Accuracy per class: 
[0.9178 0.9387 0.8913 0.8778 0.8994 0.8905 0.9251 0.9275 0.9402 0.9265]
TP proportion per class: 
[0.639 0.68  0.43  0.307 0.528 0.428 0.7   0.603 0.71  0.649]
FP proportion per class: 
[0.461 0.293 0.517 0.529 0.534 0.523 0.449 0.328 0.308 0.384]
PPV per class: 
[0.58090909 0.69886948 0.45406547 0.36722488 0.49717514 0.45005258
 0.60922541 0.64769066 0.69744597 0.62826718]

0 0.99 cnn_data weighted_mode_policy
8742 960 89040 1258
[[9035  143  178  132   63  138   76   97  153  264]
 [ 118 9053   80   76   53   40   47   22  215  444]
 [ 148   39 8541  193  135  133  112  172   41   33]
 [  77  101  210 8479  170  263  197  266  133  114]
 [  71   14  192  191 8908  170  118  219   86   31]
 [  70   65  225  299  222 8836   63  230   92   50]
 [  63   79  281  216  175  152 9273   81   44   28]
 [  67   56  138  133  164  183   49 8779   32  122]
 [ 227  141   71  100   72   57   40   56 9111  172]
 [ 124  309   84  181   38   28   25   78   93 8742]]

Proportion of positive predictions: 
[0.10279 0.10148 0.09547 0.1001  0.1     0.10152 0.10392 0.09723 0.10047
 0.09702]
Accuracy per class: 
[0.97791 0.97958 0.97535 0.96948 0.97816 0.9752  0.98154 0.97835 0.98175
 0.97782]
TP proportion per class: 
[0.9035 0.9053 0.8541 0.8479 0.8908 0.8836 0.9273 0.8779 0.9111 0.8742]
FP proportion per class: 
[0.1244 0.1095 0.1006 0.1531 0.1092 0.1316 0.1119 0.0944 0.0936 0.096 ]
PPV per class: 
[0.87897655 0.89209696 0.89462658 0.84705295 0.8908     0.87037037
 0.89232102 0.90291062 0.90683786 0.90105133]

1 0.99 cnn_data weighted_mode_policy
6490 3840 86160 3510
[[6390  650  940  380  380  160  130  210 1190  570]
 [ 300 6800  110  160   90   90  190   70  510 1410]
 [ 770   60 4300 1030 1060 1030  580  420  130   90]
 [ 220  110  570 3070  640 2080  630  610  240  190]
 [ 290   30 1290  890 5280  690  800 1110  140  100]
 [ 110  120  860 2270  520 4280  330  790  110  120]
 [ 130  170 1080 1310  910  520 7000  190  100   80]
 [ 150  110  420  440  820  780  100 6030   20  440]
 [1160  410  280  170  160  200  110   80 7100  510]
 [ 480 1540  150  280  140  170  130  490  460 6490]]

Proportion of positive predictions: 
[0.11   0.0973 0.0947 0.0836 0.1062 0.0951 0.1149 0.0931 0.1018 0.1033]
Accuracy per class: 
[0.9178 0.9387 0.8913 0.8778 0.8994 0.8905 0.9251 0.9275 0.9402 0.9265]
TP proportion per class: 
[0.639 0.68  0.43  0.307 0.528 0.428 0.7   0.603 0.71  0.649]
FP proportion per class: 
[0.461 0.293 0.517 0.529 0.534 0.523 0.449 0.328 0.308 0.384]
PPV per class: 
[0.58090909 0.69886948 0.45406547 0.36722488 0.49717514 0.45005258
 0.60922541 0.64769066 0.69744597 0.62826718]

0 0.99 cnn_data select_all_policy
9565 301 89699 435
[[9663  160  147  153  132  140  103  138  201  185]
 [  72 9592   36   22   14   16   25    3   61   75]
 [  59    8 9445   73   57   74   26   33    6   17]
 [  12   31   61 9354   70  109   56   68   45   26]
 [  39    7   94   77 9504   68   53   58   18   15]
 [  28   15   61  111   80 9482   25   82   22   18]
 [  12   14   77   67   67   29 9681   14   21   12]
 [  16   30   31   35   41   61   13 9556   14   33]
 [  66   51   36   41   24   13    6   16 9578   54]
 [  33   92   12   67   11    8   12   32   34 9565]]

Proportion of positive predictions: 
[0.11022 0.09916 0.09798 0.09832 0.09933 0.09924 0.09994 0.0983  0.09885
 0.09866]
Accuracy per class: 
[0.98304 0.99268 0.99092 0.98876 0.99075 0.9904  0.99368 0.99282 0.99271
 0.99264]
TP proportion per class: 
[0.9663 0.9592 0.9445 0.9354 0.9504 0.9482 0.9681 0.9556 0.9578 0.9565]
FP proportion per class: 
[0.1359 0.0324 0.0353 0.0478 0.0429 0.0442 0.0313 0.0274 0.0307 0.0301]
PPV per class: 
[0.87670114 0.96732553 0.96397224 0.95138324 0.95681063 0.95546151
 0.96868121 0.97212614 0.96894284 0.96949118]

1 0.99 cnn_data select_all_policy
6490 3840 86160 3510
[[6390  650  940  380  380  160  130  210 1190  570]
 [ 300 6800  110  160   90   90  190   70  510 1410]
 [ 770   60 4300 1030 1060 1030  580  420  130   90]
 [ 220  110  570 3070  640 2080  630  610  240  190]
 [ 290   30 1290  890 5280  690  800 1110  140  100]
 [ 110  120  860 2270  520 4280  330  790  110  120]
 [ 130  170 1080 1310  910  520 7000  190  100   80]
 [ 150  110  420  440  820  780  100 6030   20  440]
 [1160  410  280  170  160  200  110   80 7100  510]
 [ 480 1540  150  280  140  170  130  490  460 6490]]

Proportion of positive predictions: 
[0.11   0.0973 0.0947 0.0836 0.1062 0.0951 0.1149 0.0931 0.1018 0.1033]
Accuracy per class: 
[0.9178 0.9387 0.8913 0.8778 0.8994 0.8905 0.9251 0.9275 0.9402 0.9265]
TP proportion per class: 
[0.639 0.68  0.43  0.307 0.528 0.428 0.7   0.603 0.71  0.649]
FP proportion per class: 
[0.461 0.293 0.517 0.529 0.534 0.523 0.449 0.328 0.308 0.384]
PPV per class: 
[0.58090909 0.69886948 0.45406547 0.36722488 0.49717514 0.45005258
 0.60922541 0.64769066 0.69744597 0.62826718]

0 0.99 cnn_data random
8665 1240 88760 1335
[[8641  180  251  160  132   96   68  103  353  276]
 [ 154 8857   90   96   42   48   67   32  167  439]
 [ 271   46 8118  302  259  279  147  195   80   59]
 [ 111   80  270 8005  270  534  247  281  119  105]
 [ 146   26  363  260 8381  217  226  277   66   62]
 [  90   66  281  514  280 8333  143  290   77   64]
 [  60   83  289  273  276  148 8937  105   70   55]
 [  64   70  169  160  230  212   44 8556   37  108]
 [ 314  157  109   76   80   77   45   58 8874  167]
 [ 149  435   60  154   50   56   76  103  157 8665]]

Proportion of positive predictions: 
[0.1026  0.09992 0.09756 0.10022 0.10024 0.10138 0.10296 0.0965  0.09957
 0.09905]
Accuracy per class: 
[0.97022 0.97722 0.9648  0.95988 0.96738 0.96528 0.97578 0.97462 0.97791
 0.97425]
TP proportion per class: 
[0.8641 0.8857 0.8118 0.8005 0.8381 0.8333 0.8937 0.8556 0.8874 0.8665]
FP proportion per class: 
[0.1619 0.1135 0.1638 0.2017 0.1643 0.1805 0.1359 0.1094 0.1083 0.124 ]
PPV per class: 
[0.84220273 0.88640913 0.83210332 0.79874277 0.83609338 0.82195699
 0.86800699 0.88663212 0.8912323  0.8748107 ]

1 0.99 cnn_data random
6490 3840 86160 3510
[[6390  650  940  380  380  160  130  210 1190  570]
 [ 300 6800  110  160   90   90  190   70  510 1410]
 [ 770   60 4300 1030 1060 1030  580  420  130   90]
 [ 220  110  570 3070  640 2080  630  610  240  190]
 [ 290   30 1290  890 5280  690  800 1110  140  100]
 [ 110  120  860 2270  520 4280  330  790  110  120]
 [ 130  170 1080 1310  910  520 7000  190  100   80]
 [ 150  110  420  440  820  780  100 6030   20  440]
 [1160  410  280  170  160  200  110   80 7100  510]
 [ 480 1540  150  280  140  170  130  490  460 6490]]

Proportion of positive predictions: 
[0.11   0.0973 0.0947 0.0836 0.1062 0.0951 0.1149 0.0931 0.1018 0.1033]
Accuracy per class: 
[0.9178 0.9387 0.8913 0.8778 0.8994 0.8905 0.9251 0.9275 0.9402 0.9265]
TP proportion per class: 
[0.639 0.68  0.43  0.307 0.528 0.428 0.7   0.603 0.71  0.649]
FP proportion per class: 
[0.461 0.293 0.517 0.529 0.534 0.523 0.449 0.328 0.308 0.384]
PPV per class: 
[0.58090909 0.69886948 0.45406547 0.36722488 0.49717514 0.45005258
 0.60922541 0.64769066 0.69744597 0.62826718]

0 0.99 cnn_data lb_best_policy
9887 123 89877 113
[[9896   16   18    5    7    8    5    0   26   12]
 [  14 9905    9    5    2    7    3    0   28   48]
 [   8    6 9907    8   11    8    3    7    1    4]
 [  11    9    2 9900   28    5    5   21   19   18]
 [   8    0    5   24 9904   28    1    2    4    8]
 [   7    2   18    9   17 9900    2   14   17    8]
 [  10   18   14   11    9   26 9971    0    1    3]
 [   1    4    7   11   10    7    3 9951    4    6]
 [  18    2    8   11    8   11    1    1 9884    6]
 [  27   38   12   16    4    0    6    4   16 9887]]

Proportion of positive predictions: 
[0.09993 0.10021 0.09963 0.10018 0.09984 0.09994 0.10063 0.10004 0.0995
 0.1001 ]
Accuracy per class: 
[0.99799 0.99789 0.99851 0.99782 0.99824 0.99806 0.99879 0.99898 0.99818
 0.99764]
TP proportion per class: 
[0.9896 0.9905 0.9907 0.99   0.9904 0.99   0.9971 0.9951 0.9884 0.9887]
FP proportion per class: 
[0.0097 0.0116 0.0056 0.0118 0.008  0.0094 0.0092 0.0053 0.0066 0.0123]
PPV per class: 
[0.99029321 0.98842431 0.9943792  0.9882212  0.99198718 0.99059436
 0.9908576  0.99470212 0.99336683 0.98771229]

1 0.99 cnn_data lb_best_policy
6490 3840 86160 3510
[[6390  650  940  380  380  160  130  210 1190  570]
 [ 300 6800  110  160   90   90  190   70  510 1410]
 [ 770   60 4300 1030 1060 1030  580  420  130   90]
 [ 220  110  570 3070  640 2080  630  610  240  190]
 [ 290   30 1290  890 5280  690  800 1110  140  100]
 [ 110  120  860 2270  520 4280  330  790  110  120]
 [ 130  170 1080 1310  910  520 7000  190  100   80]
 [ 150  110  420  440  820  780  100 6030   20  440]
 [1160  410  280  170  160  200  110   80 7100  510]
 [ 480 1540  150  280  140  170  130  490  460 6490]]

Proportion of positive predictions: 
[0.11   0.0973 0.0947 0.0836 0.1062 0.0951 0.1149 0.0931 0.1018 0.1033]
Accuracy per class: 
[0.9178 0.9387 0.8913 0.8778 0.8994 0.8905 0.9251 0.9275 0.9402 0.9265]
TP proportion per class: 
[0.639 0.68  0.43  0.307 0.528 0.428 0.7   0.603 0.71  0.649]
FP proportion per class: 
[0.461 0.293 0.517 0.529 0.534 0.523 0.449 0.328 0.308 0.384]
PPV per class: 
[0.58090909 0.69886948 0.45406547 0.36722488 0.49717514 0.45005258
 0.60922541 0.64769066 0.69744597 0.62826718]

0 0.99 cnn_data pseudo_lb_best_policy_overloaded
9256 662 89338 744
[[9295   93   95   73   59   51   79   56  171  102]
 [  77 9400   31   33   22   31   43   14   98  245]
 [ 139   16 9265  104  133  120   89   62   74   36]
 [  39   34  116 9025  109  232  132   71   90   66]
 [  71   27  146  134 9162  123  145  118   53   37]
 [  81   33  115  267  163 9237   59  122   71   51]
 [  37   40   99  135  134   48 9336   54   43   51]
 [  35   50   56   72  137  107   48 9439   30   79]
 [ 152   76   52   78   50   30   13   12 9277   77]
 [  74  231   25   79   31   21   56   52   93 9256]]

Proportion of positive predictions: 
[0.10074 0.09994 0.10038 0.09914 0.10016 0.10199 0.09977 0.10053 0.09817
 0.09918]
Accuracy per class: 
[0.98516 0.98806 0.98492 0.98136 0.98308 0.98275 0.98695 0.98825 0.98737
 0.98594]
TP proportion per class: 
[0.9295 0.94   0.9265 0.9025 0.9162 0.9237 0.9336 0.9439 0.9277 0.9256]
FP proportion per class: 
[0.0779 0.0594 0.0773 0.0889 0.0854 0.0962 0.0641 0.0614 0.054  0.0662]
PPV per class: 
[0.92267223 0.94056434 0.92299263 0.91032883 0.91473642 0.90567703
 0.93575223 0.9389237  0.94499338 0.93325267]

1 0.99 cnn_data pseudo_lb_best_policy_overloaded
6490 3840 86160 3510
[[6390  650  940  380  380  160  130  210 1190  570]
 [ 300 6800  110  160   90   90  190   70  510 1410]
 [ 770   60 4300 1030 1060 1030  580  420  130   90]
 [ 220  110  570 3070  640 2080  630  610  240  190]
 [ 290   30 1290  890 5280  690  800 1110  140  100]
 [ 110  120  860 2270  520 4280  330  790  110  120]
 [ 130  170 1080 1310  910  520 7000  190  100   80]
 [ 150  110  420  440  820  780  100 6030   20  440]
 [1160  410  280  170  160  200  110   80 7100  510]
 [ 480 1540  150  280  140  170  130  490  460 6490]]

Proportion of positive predictions: 
[0.11   0.0973 0.0947 0.0836 0.1062 0.0951 0.1149 0.0931 0.1018 0.1033]
Accuracy per class: 
[0.9178 0.9387 0.8913 0.8778 0.8994 0.8905 0.9251 0.9275 0.9402 0.9265]
TP proportion per class: 
[0.639 0.68  0.43  0.307 0.528 0.428 0.7   0.603 0.71  0.649]
FP proportion per class: 
[0.461 0.293 0.517 0.529 0.534 0.523 0.449 0.328 0.308 0.384]
PPV per class: 
[0.58090909 0.69886948 0.45406547 0.36722488 0.49717514 0.45005258
 0.60922541 0.64769066 0.69744597 0.62826718]

0 0.9 cnn_data single_best_policy
7887 1984 88016 2113
[[7972  369  473  274  200  149   75  182  559  385]
 [ 229 8040  110  142   68   86  122   38  332  872]
 [ 373   96 6981  491  473  542  303  230  135   99]
 [ 164  136  358 6826  379  884  381  443  169  158]
 [ 194   31  534  408 7542  342  387  506   76   59]
 [ 132  110  497  781  341 7171  203  446   80   81]
 [  96  103  473  492  411  272 8286  147   98   78]
 [  91   75  298  291  394  381   96 7749   49  139]
 [ 509  223  142  132  127  101   79   70 8266  242]
 [ 240  817  134  163   65   72   68  189  236 7887]]

Proportion of positive predictions: 
[0.10638 0.10039 0.09723 0.09898 0.10079 0.09842 0.10456 0.09563 0.09891
 0.09871]
Accuracy per class: 
[0.95306 0.96041 0.94239 0.93754 0.95005 0.945   0.96116 0.95935 0.96641
 0.95903]
TP proportion per class: 
[0.7972 0.804  0.6981 0.6826 0.7542 0.7171 0.8286 0.7749 0.8266 0.7887]
FP proportion per class: 
[0.2666 0.1999 0.2742 0.3072 0.2537 0.2671 0.217  0.1814 0.1625 0.1984]
PPV per class: 
[0.74938898 0.80087658 0.71798828 0.68963427 0.74828852 0.72861207
 0.79246366 0.81031057 0.83570923 0.79900719]

1 0.9 cnn_data single_best_policy
6490 3840 86160 3510
[[6390  650  940  380  380  160  130  210 1190  570]
 [ 300 6800  110  160   90   90  190   70  510 1410]
 [ 770   60 4300 1030 1060 1030  580  420  130   90]
 [ 220  110  570 3070  640 2080  630  610  240  190]
 [ 290   30 1290  890 5280  690  800 1110  140  100]
 [ 110  120  860 2270  520 4280  330  790  110  120]
 [ 130  170 1080 1310  910  520 7000  190  100   80]
 [ 150  110  420  440  820  780  100 6030   20  440]
 [1160  410  280  170  160  200  110   80 7100  510]
 [ 480 1540  150  280  140  170  130  490  460 6490]]

Proportion of positive predictions: 
[0.11   0.0973 0.0947 0.0836 0.1062 0.0951 0.1149 0.0931 0.1018 0.1033]
Accuracy per class: 
[0.9178 0.9387 0.8913 0.8778 0.8994 0.8905 0.9251 0.9275 0.9402 0.9265]
TP proportion per class: 
[0.639 0.68  0.43  0.307 0.528 0.428 0.7   0.603 0.71  0.649]
FP proportion per class: 
[0.461 0.293 0.517 0.529 0.534 0.523 0.449 0.328 0.308 0.384]
PPV per class: 
[0.58090909 0.69886948 0.45406547 0.36722488 0.49717514 0.45005258
 0.60922541 0.64769066 0.69744597 0.62826718]

0 0.9 cnn_data mode_policy
8639 1153 88847 1361
[[9163  229  227  135   90  101   60  121  260  262]
 [ 111 8908   80  108   52   49   84   23  251  555]
 [  94   74 8619  175  142  171  135  140   54   43]
 [  56   54  132 8497  155  320  189  343  137  125]
 [  54    2  198  234 8998  151  162  237   47   42]
 [  76   84  242  305  192 8757   41  243   55   58]
 [  61   59  179  202  138  157 9236  109   60   34]
 [  52   64  132   87  131  175   48 8647   12  102]
 [ 151  123   76  123   60   87   22   39 9000  140]
 [ 182  403  115  134   42   32   23   98  124 8639]]

Proportion of positive predictions: 
[0.10648 0.10221 0.09647 0.10008 0.10125 0.10053 0.10235 0.0945  0.09821
 0.09792]
Accuracy per class: 
[0.97678 0.97595 0.97591 0.96986 0.97871 0.97461 0.98237 0.97844 0.98179
 0.97486]
TP proportion per class: 
[0.9163 0.8908 0.8619 0.8497 0.8998 0.8757 0.9236 0.8647 0.9    0.8639]
FP proportion per class: 
[0.1485 0.1313 0.1028 0.1511 0.1127 0.1296 0.0999 0.0803 0.0821 0.1153]
PPV per class: 
[0.86053719 0.87153899 0.89343837 0.84902078 0.88869136 0.87108326
 0.90239375 0.91502646 0.91640362 0.88225082]

1 0.9 cnn_data mode_policy
6490 3840 86160 3510
[[6390  650  940  380  380  160  130  210 1190  570]
 [ 300 6800  110  160   90   90  190   70  510 1410]
 [ 770   60 4300 1030 1060 1030  580  420  130   90]
 [ 220  110  570 3070  640 2080  630  610  240  190]
 [ 290   30 1290  890 5280  690  800 1110  140  100]
 [ 110  120  860 2270  520 4280  330  790  110  120]
 [ 130  170 1080 1310  910  520 7000  190  100   80]
 [ 150  110  420  440  820  780  100 6030   20  440]
 [1160  410  280  170  160  200  110   80 7100  510]
 [ 480 1540  150  280  140  170  130  490  460 6490]]

Proportion of positive predictions: 
[0.11   0.0973 0.0947 0.0836 0.1062 0.0951 0.1149 0.0931 0.1018 0.1033]
Accuracy per class: 
[0.9178 0.9387 0.8913 0.8778 0.8994 0.8905 0.9251 0.9275 0.9402 0.9265]
TP proportion per class: 
[0.639 0.68  0.43  0.307 0.528 0.428 0.7   0.603 0.71  0.649]
FP proportion per class: 
[0.461 0.293 0.517 0.529 0.534 0.523 0.449 0.328 0.308 0.384]
PPV per class: 
[0.58090909 0.69886948 0.45406547 0.36722488 0.49717514 0.45005258
 0.60922541 0.64769066 0.69744597 0.62826718]

0 0.9 cnn_data weighted_mode_policy
8732 1160 88840 1268
[[9050  220  230  115   79  107   57  122  227  240]
 [ 125 8871   67  102   52   46   86   20  234  511]
 [ 123   73 8546  173  121  165  111  136   55   43]
 [  67   64  182 8465  142  298  173  320  129  112]
 [  78    3  197  253 8950  143  129  215   49   40]
 [  76   84  255  312  229 8761   44  223   63   59]
 [  62   54  177  219  156  165 9296  100   53   34]
 [  55   67  146   96  160  192   52 8736   11   84]
 [ 183  139   85  129   67   87   28   38 9070  145]
 [ 181  425  115  136   44   36   24   90  109 8732]]

Proportion of positive predictions: 
[0.10447 0.10114 0.09546 0.09952 0.10057 0.10106 0.10316 0.09599 0.09971
 0.09892]
Accuracy per class: 
[0.97653 0.97628 0.97546 0.96978 0.97843 0.97416 0.98276 0.97873 0.98169
 0.97572]
TP proportion per class: 
[0.905  0.8871 0.8546 0.8465 0.895  0.8761 0.9296 0.8736 0.907  0.8732]
FP proportion per class: 
[0.1397 0.1243 0.1    0.1487 0.1107 0.1345 0.102  0.0863 0.0901 0.116 ]
PPV per class: 
[0.8662774  0.87710105 0.89524408 0.8505828  0.88992741 0.86691075
 0.90112447 0.9100948  0.90963795 0.88273352]

1 0.9 cnn_data weighted_mode_policy
6490 3840 86160 3510
[[6390  650  940  380  380  160  130  210 1190  570]
 [ 300 6800  110  160   90   90  190   70  510 1410]
 [ 770   60 4300 1030 1060 1030  580  420  130   90]
 [ 220  110  570 3070  640 2080  630  610  240  190]
 [ 290   30 1290  890 5280  690  800 1110  140  100]
 [ 110  120  860 2270  520 4280  330  790  110  120]
 [ 130  170 1080 1310  910  520 7000  190  100   80]
 [ 150  110  420  440  820  780  100 6030   20  440]
 [1160  410  280  170  160  200  110   80 7100  510]
 [ 480 1540  150  280  140  170  130  490  460 6490]]

Proportion of positive predictions: 
[0.11   0.0973 0.0947 0.0836 0.1062 0.0951 0.1149 0.0931 0.1018 0.1033]
Accuracy per class: 
[0.9178 0.9387 0.8913 0.8778 0.8994 0.8905 0.9251 0.9275 0.9402 0.9265]
TP proportion per class: 
[0.639 0.68  0.43  0.307 0.528 0.428 0.7   0.603 0.71  0.649]
FP proportion per class: 
[0.461 0.293 0.517 0.529 0.534 0.523 0.449 0.328 0.308 0.384]
PPV per class: 
[0.58090909 0.69886948 0.45406547 0.36722488 0.49717514 0.45005258
 0.60922541 0.64769066 0.69744597 0.62826718]

0 0.9 cnn_data select_all_policy
9661 361 89639 339
[[9716   61   50   47   60   43   25   31   93   51]
 [  49 9690   23   22   17   11   23    9   63  119]
 [  64    7 9582   51   40   59   24   37    8   26]
 [  10   26   62 9459   53  140   58   66   54   30]
 [  26    7   90   82 9664   70   39   49   18   17]
 [  19    6   83  121   48 9577   18   64   14    9]
 [   4   18   36   83   51   15 9768   16   25    9]
 [   9   32   28   36   39   64   23 9687    3   30]
 [  49   20   30   48   25    8    0   14 9680   48]
 [  54  133   16   51    3   13   22   27   42 9661]]

Proportion of positive predictions: 
[0.10177 0.10026 0.09898 0.09958 0.10062 0.09959 0.10025 0.09951 0.09922
 0.10022]
Accuracy per class: 
[0.99255 0.99354 0.99266 0.9896  0.99266 0.99195 0.99511 0.99423 0.99438
 0.993  ]
TP proportion per class: 
[0.9716 0.969  0.9582 0.9459 0.9664 0.9577 0.9768 0.9687 0.968  0.9661]
FP proportion per class: 
[0.0461 0.0336 0.0316 0.0499 0.0398 0.0382 0.0257 0.0264 0.0242 0.0361]
PPV per class: 
[0.95470178 0.96648713 0.96807436 0.94988954 0.96044524 0.96164274
 0.97436409 0.97347    0.97560976 0.96397925]

1 0.9 cnn_data select_all_policy
6490 3840 86160 3510
[[6390  650  940  380  380  160  130  210 1190  570]
 [ 300 6800  110  160   90   90  190   70  510 1410]
 [ 770   60 4300 1030 1060 1030  580  420  130   90]
 [ 220  110  570 3070  640 2080  630  610  240  190]
 [ 290   30 1290  890 5280  690  800 1110  140  100]
 [ 110  120  860 2270  520 4280  330  790  110  120]
 [ 130  170 1080 1310  910  520 7000  190  100   80]
 [ 150  110  420  440  820  780  100 6030   20  440]
 [1160  410  280  170  160  200  110   80 7100  510]
 [ 480 1540  150  280  140  170  130  490  460 6490]]

Proportion of positive predictions: 
[0.11   0.0973 0.0947 0.0836 0.1062 0.0951 0.1149 0.0931 0.1018 0.1033]
Accuracy per class: 
[0.9178 0.9387 0.8913 0.8778 0.8994 0.8905 0.9251 0.9275 0.9402 0.9265]
TP proportion per class: 
[0.639 0.68  0.43  0.307 0.528 0.428 0.7   0.603 0.71  0.649]
FP proportion per class: 
[0.461 0.293 0.517 0.529 0.534 0.523 0.449 0.328 0.308 0.384]
PPV per class: 
[0.58090909 0.69886948 0.45406547 0.36722488 0.49717514 0.45005258
 0.60922541 0.64769066 0.69744597 0.62826718]

0 0.9 cnn_data random
8726 1214 88786 1274
[[8840  201  241  159  130   68   54   90  312  261]
 [ 146 8891   85   92   39   39   58   33  181  462]
 [ 193   49 8283  274  248  248  147  169   70   62]
 [  86   66  225 8030  214  494  219  280  118  103]
 [ 119   28  315  265 8580  225  207  305   50   39]
 [  88   45  284  541  225 8455  111  282   58   56]
 [  51   76  245  311  213  154 9058   80   59   49]
 [  45   51  155  138  238  202   57 8597   32   88]
 [ 273  145   92   72   71   67   23   45 8981  154]
 [ 159  448   75  118   42   48   66  119  139 8726]]

Proportion of positive predictions: 
[0.10356 0.10026 0.09743 0.09835 0.10133 0.10145 0.10296 0.09603 0.09923
 0.0994 ]
Accuracy per class: 
[0.97324 0.97756 0.96823 0.96225 0.97027 0.96765 0.9782  0.97591 0.98039
 0.97512]
TP proportion per class: 
[0.884  0.8891 0.8283 0.803  0.858  0.8455 0.9058 0.8597 0.8981 0.8726]
FP proportion per class: 
[0.1516 0.1135 0.146  0.1805 0.1553 0.169  0.1238 0.1006 0.0942 0.1214]
PPV per class: 
[0.85361143 0.88679433 0.85014882 0.81647178 0.84673838 0.83341548
 0.87975913 0.89524107 0.90506903 0.8778672 ]

1 0.9 cnn_data random
6490 3840 86160 3510
[[6390  650  940  380  380  160  130  210 1190  570]
 [ 300 6800  110  160   90   90  190   70  510 1410]
 [ 770   60 4300 1030 1060 1030  580  420  130   90]
 [ 220  110  570 3070  640 2080  630  610  240  190]
 [ 290   30 1290  890 5280  690  800 1110  140  100]
 [ 110  120  860 2270  520 4280  330  790  110  120]
 [ 130  170 1080 1310  910  520 7000  190  100   80]
 [ 150  110  420  440  820  780  100 6030   20  440]
 [1160  410  280  170  160  200  110   80 7100  510]
 [ 480 1540  150  280  140  170  130  490  460 6490]]

Proportion of positive predictions: 
[0.11   0.0973 0.0947 0.0836 0.1062 0.0951 0.1149 0.0931 0.1018 0.1033]
Accuracy per class: 
[0.9178 0.9387 0.8913 0.8778 0.8994 0.8905 0.9251 0.9275 0.9402 0.9265]
TP proportion per class: 
[0.639 0.68  0.43  0.307 0.528 0.428 0.7   0.603 0.71  0.649]
FP proportion per class: 
[0.461 0.293 0.517 0.529 0.534 0.523 0.449 0.328 0.308 0.384]
PPV per class: 
[0.58090909 0.69886948 0.45406547 0.36722488 0.49717514 0.45005258
 0.60922541 0.64769066 0.69744597 0.62826718]

0 0.9 cnn_data lb_best_policy
9877 122 89878 123
[[9900   19   21    4   14   12    5    0   29    7]
 [  15 9908    6    4    5   10    5    0   22   65]
 [   2    3 9898    1    5    2   10    7    0   12]
 [  10    3    3 9916   17    4    1   21   37   21]
 [   3    0    7   21 9928   30    0    2    4    4]
 [   1    0   32   11   11 9896    0   11    8   10]
 [  10   19    0   10   10   28 9968    0    2    1]
 [   0    8    9   11   10    9    6 9959    7    3]
 [  22    0   10   10    0    9    0    0 9877    0]
 [  37   40   14   12    0    0    5    0   14 9877]]

Proportion of positive predictions: 
[0.10011 0.1004  0.0994  0.10033 0.09999 0.0998  0.10048 0.10022 0.09928
 0.09999]
Accuracy per class: 
[0.99789 0.99776 0.99856 0.99799 0.99857 0.99812 0.99888 0.99896 0.99826
 0.99755]
TP proportion per class: 
[0.99   0.9908 0.9898 0.9916 0.9928 0.9896 0.9968 0.9959 0.9877 0.9877]
FP proportion per class: 
[0.0111 0.0132 0.0042 0.0117 0.0071 0.0084 0.008  0.0063 0.0051 0.0122]
PPV per class: 
[0.9889122  0.98685259 0.99577465 0.98833848 0.99289929 0.99158317
 0.99203822 0.99371383 0.99486301 0.98779878]

1 0.9 cnn_data lb_best_policy
6490 3840 86160 3510
[[6390  650  940  380  380  160  130  210 1190  570]
 [ 300 6800  110  160   90   90  190   70  510 1410]
 [ 770   60 4300 1030 1060 1030  580  420  130   90]
 [ 220  110  570 3070  640 2080  630  610  240  190]
 [ 290   30 1290  890 5280  690  800 1110  140  100]
 [ 110  120  860 2270  520 4280  330  790  110  120]
 [ 130  170 1080 1310  910  520 7000  190  100   80]
 [ 150  110  420  440  820  780  100 6030   20  440]
 [1160  410  280  170  160  200  110   80 7100  510]
 [ 480 1540  150  280  140  170  130  490  460 6490]]

Proportion of positive predictions: 
[0.11   0.0973 0.0947 0.0836 0.1062 0.0951 0.1149 0.0931 0.1018 0.1033]
Accuracy per class: 
[0.9178 0.9387 0.8913 0.8778 0.8994 0.8905 0.9251 0.9275 0.9402 0.9265]
TP proportion per class: 
[0.639 0.68  0.43  0.307 0.528 0.428 0.7   0.603 0.71  0.649]
FP proportion per class: 
[0.461 0.293 0.517 0.529 0.534 0.523 0.449 0.328 0.308 0.384]
PPV per class: 
[0.58090909 0.69886948 0.45406547 0.36722488 0.49717514 0.45005258
 0.60922541 0.64769066 0.69744597 0.62826718]

0 0.9 cnn_data pseudo_lb_best_policy_overloaded
9550 371 89629 450
[[9601   53   58   33   28   13   54   28   71   37]
 [  55 9622   18   16   17   17   24    2   59  171]
 [  66    7 9571   48   64   60   35   43   12   23]
 [   6   18   52 9465   27  128   41   48   60   62]
 [  50   13   84   75 9605   86   50   61   33    8]
 [  51   14   67  121   99 9585   23   78   32   29]
 [  21   25   30   70   71   19 9711   22   15   25]
 [  26   63   44   52   48   74   41 9663   18   38]
 [  80   37   66   63   32   11    5   10 9665   57]
 [  44  148   10   57    9    7   16   45   35 9550]]

Proportion of positive predictions: 
[0.09976 0.10001 0.09929 0.09907 0.10065 0.10099 0.10009 0.10067 0.10026
 0.09921]
Accuracy per class: 
[0.99226 0.99243 0.99213 0.99023 0.99145 0.99071 0.99413 0.99259 0.99304
 0.99179]
TP proportion per class: 
[0.9601 0.9622 0.9571 0.9465 0.9605 0.9585 0.9711 0.9663 0.9665 0.955 ]
FP proportion per class: 
[0.0375 0.0379 0.0358 0.0442 0.046  0.0514 0.0298 0.0404 0.0361 0.0371]
PPV per class: 
[0.96240978 0.96210379 0.963944   0.95538508 0.95429707 0.94910387
 0.9702268  0.95986888 0.96399362 0.96260458]

1 0.9 cnn_data pseudo_lb_best_policy_overloaded
6490 3840 86160 3510
[[6390  650  940  380  380  160  130  210 1190  570]
 [ 300 6800  110  160   90   90  190   70  510 1410]
 [ 770   60 4300 1030 1060 1030  580  420  130   90]
 [ 220  110  570 3070  640 2080  630  610  240  190]
 [ 290   30 1290  890 5280  690  800 1110  140  100]
 [ 110  120  860 2270  520 4280  330  790  110  120]
 [ 130  170 1080 1310  910  520 7000  190  100   80]
 [ 150  110  420  440  820  780  100 6030   20  440]
 [1160  410  280  170  160  200  110   80 7100  510]
 [ 480 1540  150  280  140  170  130  490  460 6490]]

Proportion of positive predictions: 
[0.11   0.0973 0.0947 0.0836 0.1062 0.0951 0.1149 0.0931 0.1018 0.1033]
Accuracy per class: 
[0.9178 0.9387 0.8913 0.8778 0.8994 0.8905 0.9251 0.9275 0.9402 0.9265]
TP proportion per class: 
[0.639 0.68  0.43  0.307 0.528 0.428 0.7   0.603 0.71  0.649]
FP proportion per class: 
[0.461 0.293 0.517 0.529 0.534 0.523 0.449 0.328 0.308 0.384]
PPV per class: 
[0.58090909 0.69886948 0.45406547 0.36722488 0.49717514 0.45005258
 0.60922541 0.64769066 0.69744597 0.62826718]

0 0.0001 cnn_data single_best_policy
7904 2000 88000 2096
